1000.0
0.0
40.0
120.0
0.0
0.0
0.0
0.0
1040.0
80.0
120.0
40.0
840.0
120.0
40.0
200.0
0.0
0.0
0.0
0.0
880.0
280.0
360.0
40.0
0.0
0.0
0.0
0.0
0.0
0.0
0.0
0.0
0.0
0.0
0.0
0.0
0.0
0.0
0.0
0.0
0.0
0.0
0.0
0.0
0.0
0.0
0.0
0.0
0.0
0.0
0.0
0.0
600.0
0.0
80.0
480.0
680.0
400.0
480.0
80.0
0.0
0.0
0.0
0.0
320.0
80.0
80.0
560.0
400.0
560.0
840.0
80.0
0.0
0.0
0.0
0.0
0.0
0.0
0.0
0.0
0.0
0.0
0.0
0.0
0.0
0.0
0.0
0.0
0.0
0.0
0.0
0.0
0.0
0.0
0.0
0.0
0.0
0.0
0.0
0.0
0.0
0.0
0.0
0.0
0.0
0.0
0.0
0.0
0.0
0.0
0.0
0.0
0.0
0.0
0.0
0.0
0.0
0.0
0.0
0.0
