0.0
0.0
0.0
0.0
760.0
80.0
400.0
80.0
0.0
0.0
0.0
0.0
0.0
0.0
0.0
0.0
840.0
240.0
440.0
80.0
0.0
0.0
0.0
0.0
680.0
0.0
80.0
480.0
0.0
0.0
0.0
0.0
80.0
400.0
1080.0
80.0
960.0
480.0
120.0
120.0
0.0
0.0
0.0
0.0
160.0
480.0
120.0
120.0
0.0
0.0
0.0
0.0
0.0
0.0
0.0
0.0
0.0
0.0
0.0
0.0
480.0
560.0
280.0
160.0
0.0
0.0
0.0
0.0
440.0
120.0
80.0
320.0
80.0
160.0
80.0
240.0
0.0
0.0
0.0
0.0
280.0
80.0
80.0
240.0
0.0
0.0
360.0
80.0
0.0
0.0
0.0
0.0
0.0
0.0
0.0
0.0
0.0
0.0
0.0
0.0
0.0
0.0
0.0
0.0
0.0
0.0
0.0
0.0
0.0
0.0
0.0
0.0
0.0
0.0
0.0
0.0
0.0
0.0
0.0
0.0
