0.0
0.0
0.0
0.0
0.0
0.0
0.0
0.0
200.0
240.0
1040.0
160.0
1240.0
240.0
40.0
160.0
880.0
80.0
40.0
160.0
640.0
0.0
40.0
40.0
600.0
40.0
120.0
120.0
440.0
80.0
160.0
40.0
280.0
120.0
80.0
120.0
80.0
280.0
120.0
40.0
280.0
400.0
40.0
200.0
80.0
440.0
120.0
80.0
0.0
0.0
0.0
0.0
120.0
680.0
120.0
40.0
160.0
680.0
40.0
40.0
480.0
520.0
120.0
160.0
520.0
680.0
40.0
40.0
0.0
0.0
0.0
0.0
720.0
400.0
120.0
200.0
0.0
0.0
0.0
0.0
0.0
0.0
0.0
0.0
0.0
0.0
0.0
0.0
0.0
0.0
0.0
0.0
0.0
0.0
0.0
0.0
0.0
0.0
0.0
0.0
0.0
0.0
0.0
0.0
0.0
0.0
0.0
0.0
0.0
0.0
0.0
0.0
0.0
0.0
0.0
0.0
0.0
0.0
0.0
0.0
