1200.0
0.0
80.0
720.0
0.0
0.0
0.0
0.0
1040.0
200.0
200.0
40.0
1040.0
360.0
200.0
40.0
0.0
0.0
0.0
0.0
840.0
0.0
40.0
600.0
0.0
0.0
0.0
0.0
680.0
240.0
160.0
40.0
520.0
80.0
40.0
640.0
0.0
0.0
0.0
0.0
320.0
0.0
80.0
280.0
0.0
0.0
0.0
0.0
0.0
0.0
0.0
0.0
80.0
200.0
240.0
80.0
0.0
600.0
520.0
120.0
0.0
0.0
0.0
0.0
0.0
0.0
0.0
0.0
0.0
0.0
0.0
0.0
0.0
0.0
0.0
0.0
0.0
0.0
0.0
0.0
0.0
0.0
0.0
0.0
0.0
0.0
0.0
0.0
0.0
0.0
0.0
0.0
0.0
0.0
0.0
0.0
0.0
0.0
0.0
0.0
0.0
0.0
0.0
0.0
0.0
0.0
0.0
0.0
0.0
0.0
0.0
0.0
0.0
0.0
0.0
0.0
0.0
0.0
0.0
0.0
