160.0
120.0
880.0
40.0
1000.0
0.0
40.0
120.0
0.0
320.0
1040.0
40.0
1040.0
120.0
200.0
40.0
120.0
480.0
1120.0
40.0
0.0
0.0
0.0
0.0
120.0
520.0
40.0
40.0
160.0
560.0
40.0
40.0
200.0
600.0
40.0
40.0
0.0
0.0
0.0
0.0
240.0
560.0
40.0
40.0
280.0
520.0
40.0
40.0
0.0
0.0
0.0
0.0
0.0
0.0
0.0
0.0
0.0
0.0
0.0
0.0
360.0
640.0
40.0
40.0
320.0
680.0
40.0
40.0
400.0
600.0
40.0
40.0
440.0
640.0
40.0
40.0
480.0
680.0
40.0
40.0
600.0
520.0
40.0
120.0
760.0
600.0
40.0
120.0
920.0
520.0
40.0
120.0
120.0
160.0
40.0
40.0
80.0
200.0
40.0
40.0
0.0
0.0
0.0
0.0
120.0
80.0
40.0
40.0
1040.0
280.0
40.0
40.0
1040.0
360.0
40.0
40.0
1080.0
240.0
40.0
40.0
