0.0
680.0
640.0
40.0
0.0
200.0
40.0
480.0
0.0
0.0
0.0
0.0
0.0
0.0
0.0
0.0
0.0
0.0
0.0
0.0
0.0
0.0
0.0
0.0
0.0
0.0
0.0
0.0
0.0
0.0
0.0
0.0
0.0
0.0
0.0
0.0
0.0
400.0
400.0
40.0
0.0
0.0
0.0
0.0
0.0
0.0
0.0
0.0
0.0
0.0
0.0
0.0
360.0
400.0
40.0
120.0
560.0
400.0
40.0
200.0
560.0
560.0
120.0
40.0
640.0
560.0
40.0
160.0
640.0
240.0
40.0
240.0
200.0
200.0
400.0
40.0
920.0
0.0
40.0
400.0
0.0
0.0
0.0
0.0
0.0
0.0
0.0
0.0
0.0
0.0
0.0
0.0
0.0
0.0
0.0
0.0
0.0
0.0
0.0
0.0
0.0
0.0
0.0
0.0
0.0
0.0
0.0
0.0
0.0
0.0
0.0
0.0
0.0
0.0
0.0
0.0
0.0
0.0
0.0
0.0
