0.0
0.0
0.0
0.0
920.0
560.0
40.0
40.0
920.0
80.0
40.0
480.0
640.0
0.0
40.0
320.0
640.0
400.0
40.0
320.0
760.0
80.0
160.0
40.0
680.0
200.0
160.0
40.0
760.0
560.0
160.0
40.0
680.0
400.0
160.0
40.0
800.0
320.0
40.0
80.0
760.0
360.0
40.0
40.0
200.0
80.0
40.0
520.0
240.0
200.0
320.0
40.0
240.0
560.0
320.0
40.0
0.0
0.0
0.0
0.0
280.0
280.0
40.0
40.0
440.0
280.0
40.0
40.0
360.0
360.0
40.0
40.0
280.0
400.0
40.0
40.0
320.0
440.0
40.0
40.0
360.0
440.0
40.0
40.0
400.0
440.0
40.0
40.0
440.0
400.0
40.0
40.0
240.0
120.0
40.0
40.0
240.0
160.0
80.0
40.0
80.0
560.0
120.0
40.0
80.0
80.0
120.0
40.0
0.0
0.0
0.0
0.0
0.0
0.0
0.0
0.0
0.0
0.0
0.0
0.0
