0.0
0.0
0.0
0.0
0.0
0.0
0.0
0.0
0.0
0.0
0.0
0.0
0.0
0.0
0.0
0.0
1000.0
440.0
40.0
280.0
0.0
0.0
0.0
0.0
920.0
280.0
320.0
40.0
0.0
0.0
0.0
0.0
800.0
200.0
40.0
240.0
800.0
160.0
240.0
40.0
800.0
560.0
40.0
160.0
0.0
0.0
0.0
0.0
560.0
560.0
240.0
40.0
0.0
0.0
0.0
0.0
320.0
400.0
480.0
40.0
320.0
440.0
40.0
200.0
0.0
560.0
160.0
40.0
0.0
0.0
0.0
0.0
0.0
0.0
0.0
0.0
520.0
0.0
40.0
320.0
320.0
280.0
200.0
40.0
0.0
0.0
0.0
0.0
200.0
120.0
40.0
320.0
80.0
240.0
120.0
40.0
0.0
0.0
0.0
0.0
0.0
0.0
0.0
0.0
0.0
0.0
0.0
0.0
0.0
0.0
0.0
0.0
0.0
0.0
0.0
0.0
0.0
0.0
0.0
0.0
