0.0
0.0
0.0
0.0
440.0
0.0
280.0
480.0
0.0
0.0
0.0
0.0
720.0
120.0
400.0
40.0
0.0
0.0
0.0
0.0
0.0
0.0
0.0
0.0
880.0
240.0
400.0
120.0
720.0
440.0
400.0
40.0
0.0
0.0
0.0
0.0
1000.0
480.0
40.0
120.0
0.0
0.0
0.0
0.0
0.0
0.0
0.0
0.0
0.0
0.0
0.0
0.0
600.0
480.0
40.0
120.0
0.0
0.0
0.0
0.0
160.0
280.0
280.0
40.0
240.0
320.0
40.0
280.0
360.0
400.0
80.0
40.0
0.0
0.0
0.0
0.0
0.0
0.0
0.0
0.0
760.0
560.0
120.0
120.0
800.0
680.0
40.0
40.0
360.0
560.0
120.0
120.0
400.0
680.0
40.0
40.0
0.0
0.0
0.0
0.0
40.0
400.0
120.0
120.0
0.0
440.0
40.0
40.0
160.0
80.0
40.0
240.0
80.0
120.0
80.0
40.0
0.0
0.0
0.0
0.0
