0.0
440.0
320.0
40.0
280.0
440.0
40.0
120.0
280.0
560.0
840.0
40.0
1080.0
80.0
40.0
480.0
0.0
0.0
0.0
0.0
0.0
240.0
480.0
40.0
440.0
280.0
40.0
160.0
0.0
0.0
0.0
0.0
480.0
400.0
480.0
40.0
0.0
0.0
0.0
0.0
0.0
0.0
0.0
0.0
1040.0
80.0
40.0
40.0
1000.0
120.0
40.0
40.0
960.0
160.0
40.0
40.0
920.0
200.0
40.0
40.0
880.0
360.0
40.0
40.0
840.0
320.0
40.0
40.0
800.0
280.0
40.0
40.0
0.0
0.0
0.0
0.0
760.0
240.0
40.0
40.0
720.0
200.0
40.0
40.0
760.0
160.0
40.0
40.0
800.0
120.0
40.0
40.0
840.0
80.0
40.0
40.0
880.0
40.0
40.0
40.0
920.0
0.0
40.0
40.0
1120.0
600.0
40.0
40.0
1120.0
80.0
40.0
40.0
1200.0
200.0
40.0
40.0
1120.0
320.0
40.0
40.0
