960.0
0.0
40.0
320.0
920.0
480.0
320.0
80.0
640.0
120.0
40.0
440.0
0.0
0.0
0.0
0.0
240.0
120.0
40.0
600.0
0.0
0.0
0.0
0.0
0.0
0.0
0.0
0.0
680.0
80.0
40.0
40.0
760.0
0.0
40.0
40.0
800.0
0.0
160.0
40.0
0.0
0.0
0.0
0.0
680.0
520.0
80.0
40.0
840.0
520.0
80.0
40.0
280.0
440.0
40.0
40.0
320.0
400.0
40.0
40.0
360.0
360.0
40.0
40.0
400.0
320.0
40.0
40.0
440.0
280.0
40.0
40.0
600.0
360.0
40.0
40.0
0.0
0.0
0.0
0.0
560.0
400.0
40.0
40.0
520.0
440.0
40.0
40.0
0.0
0.0
0.0
0.0
480.0
480.0
40.0
40.0
440.0
520.0
40.0
40.0
400.0
560.0
40.0
40.0
0.0
0.0
0.0
0.0
480.0
240.0
40.0
40.0
520.0
200.0
40.0
40.0
80.0
120.0
160.0
40.0
