0.0
0.0
0.0
0.0
1000.0
120.0
40.0
600.0
1040.0
520.0
120.0
40.0
1120.0
360.0
160.0
40.0
0.0
0.0
0.0
0.0
0.0
0.0
0.0
0.0
1040.0
200.0
120.0
40.0
120.0
120.0
880.0
40.0
0.0
240.0
880.0
40.0
680.0
280.0
40.0
280.0
560.0
480.0
40.0
200.0
0.0
0.0
0.0
0.0
0.0
0.0
0.0
0.0
0.0
0.0
0.0
0.0
0.0
0.0
0.0
0.0
0.0
0.0
0.0
0.0
0.0
0.0
0.0
0.0
0.0
0.0
0.0
0.0
0.0
0.0
0.0
0.0
0.0
0.0
0.0
0.0
0.0
0.0
0.0
0.0
0.0
0.0
0.0
0.0
0.0
0.0
0.0
0.0
0.0
0.0
0.0
0.0
0.0
0.0
0.0
0.0
0.0
0.0
0.0
0.0
0.0
0.0
0.0
0.0
0.0
0.0
0.0
0.0
0.0
0.0
0.0
0.0
0.0
0.0
0.0
0.0
