0.0
440.0
320.0
40.0
0.0
0.0
0.0
0.0
0.0
0.0
0.0
0.0
320.0
520.0
320.0
40.0
280.0
480.0
40.0
160.0
0.0
0.0
0.0
0.0
440.0
640.0
40.0
80.0
0.0
0.0
0.0
0.0
0.0
0.0
0.0
0.0
360.0
120.0
280.0
240.0
600.0
360.0
40.0
280.0
640.0
160.0
440.0
40.0
960.0
200.0
40.0
200.0
960.0
480.0
40.0
240.0
80.0
160.0
280.0
40.0
0.0
0.0
0.0
0.0
240.0
320.0
120.0
40.0
480.0
80.0
40.0
80.0
760.0
480.0
200.0
40.0
800.0
280.0
40.0
200.0
0.0
0.0
0.0
0.0
0.0
0.0
0.0
0.0
0.0
0.0
0.0
0.0
0.0
0.0
0.0
0.0
0.0
0.0
0.0
0.0
0.0
0.0
0.0
0.0
0.0
0.0
0.0
0.0
0.0
0.0
0.0
0.0
0.0
0.0
0.0
0.0
0.0
0.0
0.0
0.0
