0.0
0.0
0.0
0.0
40.0
0.0
80.0
280.0
0.0
0.0
0.0
0.0
0.0
0.0
0.0
0.0
120.0
160.0
720.0
80.0
920.0
160.0
320.0
80.0
680.0
320.0
360.0
40.0
840.0
440.0
440.0
40.0
0.0
0.0
0.0
0.0
0.0
0.0
0.0
0.0
600.0
560.0
520.0
40.0
600.0
240.0
80.0
320.0
40.0
280.0
80.0
80.0
120.0
320.0
360.0
40.0
200.0
480.0
440.0
40.0
0.0
0.0
0.0
0.0
0.0
0.0
0.0
0.0
0.0
0.0
0.0
0.0
0.0
0.0
0.0
0.0
0.0
0.0
0.0
0.0
0.0
0.0
0.0
0.0
0.0
0.0
0.0
0.0
0.0
0.0
0.0
0.0
0.0
0.0
0.0
0.0
0.0
0.0
0.0
0.0
0.0
0.0
0.0
0.0
0.0
0.0
0.0
0.0
0.0
0.0
0.0
0.0
0.0
0.0
0.0
0.0
0.0
0.0
0.0
0.0
