600.0
160.0
40.0
320.0
600.0
480.0
40.0
40.0
120.0
160.0
440.0
40.0
560.0
160.0
40.0
40.0
120.0
480.0
520.0
40.0
640.0
160.0
440.0
40.0
640.0
480.0
400.0
40.0
1080.0
160.0
40.0
40.0
1040.0
480.0
40.0
40.0
1080.0
480.0
40.0
40.0
0.0
0.0
0.0
0.0
0.0
0.0
0.0
0.0
0.0
0.0
0.0
0.0
0.0
0.0
0.0
0.0
0.0
0.0
0.0
0.0
0.0
0.0
0.0
0.0
0.0
0.0
0.0
0.0
0.0
0.0
0.0
0.0
0.0
0.0
0.0
0.0
0.0
0.0
0.0
0.0
0.0
0.0
0.0
0.0
0.0
0.0
0.0
0.0
0.0
0.0
0.0
0.0
0.0
0.0
0.0
0.0
0.0
0.0
0.0
0.0
0.0
0.0
0.0
0.0
0.0
0.0
0.0
0.0
0.0
0.0
0.0
0.0
0.0
0.0
0.0
0.0
0.0
0.0
0.0
0.0
