0.0
0.0
0.0
0.0
880.0
120.0
40.0
600.0
0.0
0.0
0.0
0.0
240.0
80.0
40.0
40.0
840.0
80.0
40.0
40.0
520.0
120.0
40.0
480.0
240.0
200.0
160.0
40.0
320.0
320.0
200.0
40.0
560.0
320.0
240.0
40.0
680.0
200.0
200.0
40.0
240.0
440.0
200.0
40.0
640.0
440.0
240.0
40.0
280.0
40.0
40.0
40.0
320.0
0.0
40.0
40.0
0.0
0.0
0.0
0.0
520.0
600.0
40.0
40.0
0.0
0.0
0.0
0.0
0.0
0.0
0.0
0.0
0.0
0.0
0.0
0.0
0.0
0.0
0.0
0.0
40.0
440.0
160.0
40.0
0.0
0.0
0.0
0.0
0.0
0.0
0.0
0.0
0.0
440.0
40.0
280.0
200.0
120.0
40.0
360.0
1000.0
0.0
40.0
40.0
1040.0
40.0
40.0
40.0
1080.0
80.0
40.0
40.0
1120.0
120.0
40.0
40.0
1160.0
160.0
40.0
40.0
