480.0
40.0
320.0
40.0
400.0
80.0
80.0
40.0
480.0
120.0
320.0
40.0
800.0
80.0
80.0
40.0
360.0
120.0
40.0
200.0
400.0
320.0
160.0
40.0
880.0
120.0
40.0
200.0
720.0
320.0
160.0
40.0
560.0
360.0
40.0
120.0
680.0
360.0
40.0
120.0
600.0
480.0
80.0
80.0
0.0
0.0
0.0
0.0
0.0
0.0
0.0
0.0
0.0
0.0
0.0
0.0
0.0
0.0
0.0
0.0
0.0
0.0
0.0
0.0
0.0
0.0
0.0
0.0
0.0
0.0
0.0
0.0
0.0
0.0
0.0
0.0
0.0
0.0
0.0
0.0
0.0
0.0
0.0
0.0
0.0
0.0
0.0
0.0
0.0
0.0
0.0
0.0
0.0
0.0
0.0
0.0
0.0
0.0
0.0
0.0
0.0
0.0
0.0
0.0
0.0
0.0
0.0
0.0
0.0
0.0
0.0
0.0
0.0
0.0
0.0
0.0
0.0
0.0
0.0
0.0
