800.0
0.0
40.0
280.0
1040.0
120.0
200.0
40.0
1240.0
120.0
40.0
40.0
800.0
280.0
320.0
40.0
0.0
0.0
0.0
0.0
1080.0
320.0
40.0
280.0
880.0
440.0
40.0
280.0
160.0
440.0
600.0
40.0
0.0
0.0
0.0
0.0
720.0
440.0
40.0
120.0
720.0
560.0
40.0
40.0
560.0
560.0
40.0
160.0
400.0
480.0
40.0
120.0
240.0
600.0
40.0
120.0
0.0
0.0
0.0
0.0
160.0
600.0
80.0
40.0
560.0
320.0
40.0
120.0
0.0
0.0
0.0
0.0
200.0
120.0
600.0
40.0
400.0
160.0
40.0
160.0
240.0
320.0
40.0
120.0
240.0
280.0
40.0
40.0
0.0
0.0
0.0
0.0
80.0
160.0
120.0
40.0
0.0
200.0
80.0
40.0
120.0
320.0
40.0
120.0
160.0
280.0
80.0
40.0
0.0
0.0
0.0
0.0
0.0
0.0
0.0
0.0
0.0
0.0
0.0
0.0
