960.0
0.0
40.0
240.0
1000.0
160.0
160.0
40.0
1080.0
200.0
40.0
320.0
880.0
400.0
200.0
40.0
0.0
0.0
0.0
0.0
800.0
640.0
480.0
80.0
0.0
0.0
0.0
0.0
720.0
120.0
80.0
600.0
800.0
240.0
80.0
80.0
280.0
0.0
40.0
400.0
0.0
0.0
0.0
0.0
320.0
280.0
40.0
200.0
360.0
400.0
40.0
160.0
0.0
480.0
120.0
80.0
200.0
480.0
160.0
80.0
0.0
0.0
0.0
0.0
0.0
0.0
0.0
0.0
0.0
0.0
0.0
0.0
0.0
0.0
0.0
0.0
0.0
0.0
0.0
0.0
0.0
0.0
0.0
0.0
0.0
0.0
0.0
0.0
0.0
0.0
0.0
0.0
0.0
0.0
0.0
0.0
0.0
0.0
0.0
0.0
0.0
0.0
0.0
0.0
0.0
0.0
0.0
0.0
0.0
0.0
0.0
0.0
0.0
0.0
0.0
0.0
0.0
0.0
0.0
0.0
