1200.0
0.0
40.0
400.0
0.0
0.0
0.0
0.0
0.0
0.0
0.0
0.0
0.0
0.0
0.0
0.0
1040.0
360.0
40.0
120.0
80.0
480.0
1000.0
40.0
0.0
0.0
0.0
0.0
1040.0
80.0
40.0
280.0
1040.0
480.0
40.0
120.0
0.0
0.0
0.0
0.0
880.0
600.0
40.0
120.0
680.0
520.0
40.0
120.0
0.0
0.0
0.0
0.0
520.0
600.0
40.0
120.0
360.0
520.0
40.0
120.0
680.0
0.0
40.0
360.0
0.0
0.0
0.0
0.0
0.0
0.0
0.0
0.0
440.0
360.0
40.0
120.0
280.0
360.0
40.0
160.0
0.0
0.0
0.0
0.0
0.0
0.0
0.0
0.0
0.0
0.0
0.0
0.0
0.0
0.0
0.0
0.0
0.0
0.0
0.0
0.0
0.0
0.0
0.0
0.0
0.0
0.0
0.0
0.0
0.0
0.0
0.0
0.0
0.0
0.0
0.0
0.0
0.0
0.0
0.0
0.0
