880.0
0.0
40.0
560.0
0.0
0.0
0.0
0.0
1000.0
240.0
80.0
200.0
1080.0
360.0
160.0
80.0
0.0
0.0
0.0
0.0
920.0
520.0
240.0
40.0
680.0
640.0
560.0
80.0
520.0
400.0
360.0
80.0
680.0
200.0
40.0
200.0
0.0
0.0
0.0
0.0
0.0
0.0
0.0
0.0
0.0
0.0
0.0
0.0
440.0
80.0
280.0
40.0
120.0
80.0
120.0
80.0
280.0
240.0
80.0
80.0
0.0
0.0
0.0
0.0
0.0
160.0
40.0
80.0
360.0
80.0
80.0
560.0
80.0
440.0
160.0
40.0
160.0
520.0
120.0
40.0
0.0
0.0
0.0
0.0
0.0
560.0
240.0
40.0
0.0
0.0
0.0
0.0
0.0
0.0
0.0
0.0
0.0
0.0
0.0
0.0
0.0
0.0
0.0
0.0
0.0
0.0
0.0
0.0
0.0
0.0
0.0
0.0
0.0
0.0
0.0
0.0
0.0
0.0
0.0
0.0
