0.0
640.0
1200.0
40.0
1160.0
0.0
80.0
680.0
0.0
0.0
0.0
0.0
0.0
0.0
0.0
0.0
0.0
0.0
1160.0
40.0
80.0
480.0
1000.0
40.0
0.0
40.0
80.0
200.0
80.0
160.0
160.0
80.0
0.0
0.0
0.0
0.0
240.0
160.0
80.0
80.0
0.0
0.0
0.0
0.0
0.0
360.0
520.0
40.0
0.0
0.0
0.0
0.0
0.0
0.0
0.0
0.0
0.0
0.0
0.0
0.0
600.0
360.0
560.0
40.0
0.0
0.0
0.0
0.0
440.0
240.0
80.0
120.0
0.0
0.0
0.0
0.0
520.0
240.0
400.0
40.0
0.0
0.0
0.0
0.0
0.0
0.0
0.0
0.0
0.0
0.0
0.0
0.0
0.0
0.0
0.0
0.0
0.0
0.0
0.0
0.0
0.0
0.0
0.0
0.0
0.0
0.0
0.0
0.0
0.0
0.0
0.0
0.0
0.0
0.0
0.0
0.0
0.0
0.0
0.0
0.0
