920.0
120.0
360.0
40.0
0.0
0.0
0.0
0.0
480.0
120.0
320.0
40.0
0.0
0.0
0.0
0.0
120.0
120.0
360.0
40.0
0.0
280.0
240.0
40.0
0.0
0.0
0.0
0.0
360.0
280.0
40.0
440.0
0.0
0.0
0.0
0.0
0.0
0.0
0.0
0.0
800.0
280.0
320.0
40.0
760.0
160.0
40.0
160.0
1080.0
320.0
40.0
240.0
880.0
440.0
40.0
280.0
720.0
280.0
40.0
320.0
400.0
280.0
200.0
40.0
560.0
320.0
40.0
400.0
400.0
680.0
160.0
40.0
200.0
520.0
160.0
40.0
0.0
0.0
0.0
0.0
200.0
560.0
40.0
160.0
200.0
320.0
40.0
80.0
0.0
360.0
200.0
40.0
0.0
0.0
0.0
0.0
0.0
0.0
0.0
0.0
0.0
0.0
0.0
0.0
0.0
0.0
0.0
0.0
0.0
0.0
0.0
0.0
0.0
0.0
0.0
0.0
0.0
0.0
0.0
0.0
