920.0
200.0
40.0
160.0
960.0
200.0
80.0
40.0
1040.0
200.0
40.0
40.0
1040.0
440.0
160.0
40.0
1160.0
320.0
40.0
120.0
280.0
200.0
40.0
40.0
280.0
320.0
40.0
40.0
280.0
240.0
40.0
40.0
280.0
280.0
40.0
40.0
160.0
200.0
160.0
40.0
40.0
320.0
40.0
120.0
40.0
440.0
40.0
40.0
80.0
440.0
120.0
40.0
600.0
240.0
40.0
360.0
600.0
600.0
40.0
40.0
0.0
0.0
0.0
0.0
0.0
0.0
0.0
0.0
0.0
0.0
0.0
0.0
0.0
0.0
0.0
0.0
0.0
0.0
0.0
0.0
0.0
0.0
0.0
0.0
0.0
0.0
0.0
0.0
0.0
0.0
0.0
0.0
0.0
0.0
0.0
0.0
0.0
0.0
0.0
0.0
0.0
0.0
0.0
0.0
0.0
0.0
0.0
0.0
0.0
0.0
0.0
0.0
0.0
0.0
0.0
0.0
0.0
0.0
0.0
0.0
