160.0
160.0
40.0
280.0
0.0
0.0
0.0
0.0
0.0
0.0
0.0
0.0
0.0
0.0
0.0
0.0
0.0
0.0
0.0
0.0
280.0
200.0
960.0
40.0
0.0
0.0
0.0
0.0
280.0
360.0
960.0
40.0
0.0
0.0
0.0
0.0
0.0
0.0
0.0
0.0
160.0
120.0
40.0
40.0
200.0
80.0
40.0
40.0
240.0
80.0
920.0
40.0
0.0
0.0
0.0
0.0
160.0
440.0
40.0
40.0
200.0
480.0
40.0
40.0
240.0
480.0
880.0
40.0
840.0
240.0
40.0
40.0
720.0
320.0
40.0
40.0
600.0
240.0
40.0
40.0
480.0
320.0
40.0
40.0
360.0
240.0
40.0
40.0
960.0
320.0
40.0
40.0
80.0
440.0
80.0
40.0
80.0
120.0
80.0
40.0
0.0
0.0
0.0
0.0
0.0
0.0
0.0
0.0
0.0
560.0
40.0
40.0
40.0
600.0
40.0
40.0
80.0
640.0
40.0
40.0
