1040.0
0.0
40.0
280.0
840.0
240.0
240.0
40.0
0.0
0.0
0.0
0.0
1000.0
560.0
40.0
160.0
400.0
560.0
640.0
40.0
400.0
560.0
40.0
160.0
520.0
240.0
40.0
320.0
840.0
240.0
40.0
160.0
320.0
80.0
480.0
40.0
40.0
400.0
240.0
40.0
0.0
0.0
0.0
0.0
0.0
0.0
0.0
0.0
0.0
0.0
0.0
0.0
0.0
0.0
0.0
0.0
0.0
0.0
0.0
0.0
0.0
0.0
0.0
0.0
0.0
0.0
0.0
0.0
0.0
0.0
0.0
0.0
0.0
0.0
0.0
0.0
0.0
0.0
0.0
0.0
0.0
0.0
0.0
0.0
0.0
0.0
0.0
0.0
0.0
0.0
0.0
0.0
0.0
0.0
0.0
0.0
0.0
0.0
0.0
0.0
0.0
0.0
0.0
0.0
0.0
0.0
0.0
0.0
0.0
0.0
0.0
0.0
0.0
0.0
0.0
0.0
0.0
0.0
0.0
0.0
