440.0
280.0
80.0
120.0
920.0
0.0
120.0
200.0
560.0
520.0
200.0
80.0
360.0
40.0
80.0
120.0
920.0
600.0
80.0
80.0
240.0
320.0
200.0
80.0
440.0
560.0
120.0
40.0
280.0
80.0
120.0
40.0
880.0
520.0
40.0
80.0
960.0
160.0
40.0
280.0
0.0
0.0
0.0
0.0
0.0
0.0
0.0
0.0
0.0
0.0
0.0
0.0
0.0
0.0
0.0
0.0
0.0
0.0
0.0
0.0
0.0
0.0
0.0
0.0
0.0
0.0
0.0
0.0
0.0
0.0
0.0
0.0
0.0
0.0
0.0
0.0
0.0
0.0
0.0
0.0
0.0
0.0
0.0
0.0
0.0
0.0
0.0
0.0
0.0
0.0
0.0
0.0
0.0
0.0
0.0
0.0
0.0
0.0
0.0
0.0
0.0
0.0
0.0
0.0
0.0
0.0
0.0
0.0
0.0
0.0
0.0
0.0
0.0
0.0
0.0
0.0
0.0
0.0
0.0
0.0
