960.0
680.0
40.0
-440.0
920.0
160.0
-280.0
40.0
200.0
0.0
40.0
320.0
200.0
320.0
40.0
120.0
920.0
160.0
80.0
40.0
960.0
200.0
40.0
40.0
600.0
160.0
-160.0
40.0
600.0
160.0
40.0
40.0
640.0
0.0
40.0
80.0
800.0
120.0
40.0
0.0
840.0
80.0
40.0
40.0
840.0
80.0
40.0
40.0
840.0
120.0
40.0
40.0
440.0
120.0
40.0
0.0
440.0
80.0
40.0
40.0
440.0
120.0
40.0
40.0
120.0
520.0
120.0
40.0
200.0
520.0
40.0
40.0
200.0
480.0
40.0
40.0
200.0
440.0
40.0
40.0
240.0
360.0
240.0
40.0
480.0
360.0
320.0
40.0
680.0
400.0
40.0
160.0
400.0
680.0
40.0
-80.0
400.0
520.0
40.0
40.0
400.0
560.0
40.0
40.0
400.0
680.0
40.0
40.0
960.0
680.0
40.0
40.0
0.0
0.0
0.0
0.0
0.0
0.0
0.0
0.0
